116 100 46
          start
           prog
           body
       declpart
       decllist
      decllist-
       declstat
      declstat-
           type
       procpart
       proclist
           proc
       prochead
       procname
      null-list
      fparmlist
     fparmlist-
       calltype
       execpart
       exechead
       statlist
      statlist-
           stat
     inputstat-
      inputstat
    outputstat-
     outputstat
       callstat
       callname
      aparmlist
     aparmlist-
         ifstat
         ifthen
         ifhead
      whilestat
      whilecond
      whilehead
     assignstat
          astat
          bexpr
         bexpr-
        andexpr
       andexpr-
        notexpr
       notexpr-
        relexpr
       relexpr-
          aexpr
         aexpr-
           term
          term-
        primary
       primary-
       constant
            END
        PROGRAM
            var
        DECLARE
              ;
              ,
              =
        integer
             ::
        INTEGER
           REAL
              }
      PROCEDURE
              {
          VALUE
      REFERENCE
           MAIN
              [
              ]
              :
          INPUT
         string
         OUTPUT
           CALL
           ELSE
             IF
              (
              )
           THEN
             DO
          WHILE
             <-
             ||
             &&
              !
              <
             <=
              >
             >=
             ==
             !=
              +
              -
              *
              /
           real
3 2 3 55 1
2 56 57 2
3 4 10 19 3
2 4 19 3
3 58 5 55 4
1 6 5
3 6 7 59 6
2 7 59 6
1 8 7
3 8 60 57 8
5 8 60 57 61 54 8
2 9 57 8
4 9 57 61 54 8
3 9 57 62 8
5 9 57 62 63 62 8
1 64 9
1 65 9
1 11 10
2 11 12 11
1 12 11
4 13 4 21 55 12
3 13 21 55 12
2 14 15 13
3 14 16 66 13
2 67 57 14
2 68 66 15
1 17 16
5 17 60 18 9 57 17
6 17 60 18 9 57 62 17
8 17 60 18 9 57 62 63 62 17
4 68 18 9 57 17
5 68 18 9 57 62 17
7 68 18 9 57 62 63 62 17
1 69 18
1 70 18
3 20 21 55 19
1 71 20
1 22 21
2 22 23 22
1 23 22
2 35 59 23
2 32 59 23
1 38 23
2 24 59 23
2 26 59 23
2 28 59 23
1 25 24
3 25 60 57 25
6 25 60 57 72 39 73 25
8 25 60 57 72 39 74 39 73 25
4 75 76 60 57 25
7 75 76 60 57 72 39 73 25
9 75 76 60 57 72 39 74 39 73 25
1 27 26
3 27 60 57 27
6 27 60 57 72 39 73 27
8 27 60 57 72 39 74 39 73 27
4 77 76 60 57 27
7 77 76 60 57 72 39 73 27
9 77 76 60 57 72 39 74 39 73 27
2 29 15 28
3 29 30 66 28
2 78 57 29
1 31 30
4 31 60 18 57 31
7 31 60 18 57 72 39 73 31
9 31 60 18 57 72 39 74 39 73 31
3 68 18 57 31
6 68 18 57 72 39 73 31
8 68 18 57 72 39 74 39 73 31
3 34 21 55 32
3 33 21 55 32
3 34 21 79 33
5 80 81 40 82 83 34
3 36 21 55 35
5 37 81 40 82 84 36
1 85 37
2 39 59 38
3 57 86 48 39
6 57 72 39 73 86 48 39
8 57 72 39 74 39 73 86 48 39
1 40 39
1 41 40
3 41 87 42 41
1 42 41
1 43 42
3 43 88 44 43
1 44 43
1 45 44
2 89 46 45
1 46 45
1 47 46
3 48 90 48 47
3 48 91 48 47
3 48 92 48 47
3 48 93 48 47
3 48 94 48 47
3 48 95 48 47
1 48 47
1 49 48
3 49 96 50 49
3 49 97 50 49
2 97 50 49
1 50 49
1 51 50
3 51 98 52 51
3 51 99 52 51
1 52 51
1 53 52
3 81 40 82 53
6 57 72 39 74 39 73 53
4 57 72 39 73 53
1 57 53
1 54 53
1 62 54
1 100 54
1 1
1 1
1 1
2 2
1 1
2 2
1 2
13 3
12 12
2 2
4 3
6 4
2 5
1 5
15 1
12 1
13 2
12 12
2 2
2 3
1 2
3 3
15 3
1 4
13 4
1 4
13 4
1 4
1 4
12 1
13 2
1 4
2 4
2 4
1 4
2 4
12 4
15 4
1 4
2 5
3 6
4 6
4 7
5 7
5 8
5 8
5 9
5 9
10 10
11 10
11 11
12 11
12 12
14 12
15 1
12 1
14 12
1 3
15 1
12 13
12 14
14 14
14 14
13 13
13 13
15 12
12 5
12 2
14 13
14 13
15 3
4 14
14 1
4 1
1 4
13 1
1 4
12 4
15 1
12 4
5 12
12 2
15 12
15 12
13 4
9 14
6 3
7 4
8 8
9 5
9 5
9 5
9 5
9 5
9 5
10 10
10 10
11 11
11 11
14 13
