116     100     46
          start
           prog
           body
       declpart
       decllist
      decllist-
       declstat
      declstat-
           type
       procpart
       proclist
           proc
       prochead
       procname
      null-list
      fparmlist
     fparmlist-
       calltype
       execpart
       exechead
       statlist
      statlist-
           stat
     inputstat-
      inputstat
    outputstat-
     outputstat
       callstat
       callname
      aparmlist
     aparmlist-
         ifstat
         ifthen
         ifhead
      whilestat
      whilecond
      whilehead
     assignstat
          astat
          bexpr
         bexpr-
        andexpr
       andexpr-
        notexpr
       notexpr-
        relexpr
       relexpr-
          aexpr
         aexpr-
           term
          term-
        primary
       primary-
       constant
            END
        PROGRAM
            var
        DECLARE
              ;
              ,
              =
        integer
             ::
        INTEGER
           REAL
              }
      PROCEDURE
              {
          VALUE
      REFERENCE
           MAIN
              [
              ]
              :
          INPUT
         string
         OUTPUT
           CALL
           ELSE
             IF
              (
              )
           THEN
             DO
          WHILE
             <-
             ||
             &&
              !
              <
             <=
              >
             >=
             ==
             !=
              +
              -
              *
              /
           real
    3    2    3   55    1
    2   56   57    2
    3    4   10   19    3
    2    4   19    3
    3   58    5   55    4
    1    6    5
    3    6    7   59    6
    2    7   59    6
    1    8    7
    3    8   60   57    8
    5    8   60   57   61   54    8
    2    9   57    8
    4    9   57   61   54    8
    3    9   57   62    8
    5    9   57   62   63   62    8
    1   64    9
    1   65    9
    1   11   10
    2   11   12   11
    1   12   11
    4   13    4   21   55   12
    3   13   21   55   12
    2   14   15   13
    3   14   16   66   13
    2   67   57   14
    2   68   66   15
    1   17   16
    5   17   60   18    9   57   17
    6   17   60   18    9   57   62   17
    8   17   60   18    9   57   62   63   62   17
    4   68   18    9   57   17
    5   68   18    9   57   62   17
    7   68   18    9   57   62   63   62   17
    1   69   18
    1   70   18
    3   20   21   55   19
    1   71   20
    1   22   21
    2   22   23   22
    1   23   22
    2   35   59   23
    2   32   59   23
    1   38   23
    2   24   59   23
    2   26   59   23
    2   28   59   23
    1   25   24
    3   25   60   57   25
    6   25   60   57   72   39   73   25
    8   25   60   57   72   39   74   39   73   25
    4   75   76   60   57   25
    7   75   76   60   57   72   39   73   25
    9   75   76   60   57   72   39   74   39   73   25
    1   27   26
    3   27   60   57   27
    6   27   60   57   72   39   73   27
    8   27   60   57   72   39   74   39   73   27
    4   77   76   60   57   27
    7   77   76   60   57   72   39   73   27
    9   77   76   60   57   72   39   74   39   73   27
    2   29   15   28
    3   29   30   66   28
    2   78   57   29
    1   31   30
    4   31   60   18   57   31
    7   31   60   18   57   72   39   73   31
    9   31   60   18   57   72   39   74   39   73   31
    3   68   18   57   31
    6   68   18   57   72   39   73   31
    8   68   18   57   72   39   74   39   73   31
    3   34   21   55   32
    3   33   21   55   32
    3   34   21   79   33
    5   80   81   40   82   83   34
    3   36   21   55   35
    5   37   81   40   82   84   36
    1   85   37
    2   39   59   38
    3   57   86   48   39
    6   57   72   39   73   86   48   39
    8   57   72   39   74   39   73   86   48   39
    1   40   39
    1   41   40
    3   41   87   42   41
    1   42   41
    1   43   42
    3   43   88   44   43
    1   44   43
    1   45   44
    2   89   46   45
    1   46   45
    1   47   46
    3   48   90   48   47
    3   48   91   48   47
    3   48   92   48   47
    3   48   93   48   47
    3   48   94   48   47
    3   48   95   48   47
    1   48   47
    1   49   48
    3   49   96   50   49
    3   49   97   50   49
    2   97   50   49
    1   50   49
    1   51   50
    3   51   98   52   51
    3   51   99   52   51
    1   52   51
    1   53   52
    3   81   40   82   53
    6   57   72   39   74   39   73   53
    4   57   72   39   73   53
    1   57   53
    1   54   53
    1   62   54
    1  100   54
0000000000000000000000000000000000000000000000000000000000000000000000000000000000000000000000000000
0013000000000000000000000000000000000000000000000000000003000000000000000000000000000000000000000000
0000000000000000000000000000000000000000000000000000001000000000000000000000000000000000000000000000
0000000001333300001313333333300333333333333333333333330030000300003000300030330330003000300000003003
0000000000000000000000000000000000000000000000000000001000000000000000000000000000000000000000000000
0000001330000000000000000000000000000000000000000000002000000003300000000000000000000000000000000000
0000000000000000000000000000000000000000000000000000000000100000000000000000000000000000000000000000
0000000000000000000000000000000000000000000000000000000000210000000000000000000000000000000000000000
0000000000000000000000000000000000000000000000000000000010000000000000000000000000000000000000000000
0000000000000000001300000000000000000000000000000000000000000000000000300000000000000000000000000000
0000000000013300002200000000000000000000000000000000000000000000003000200000000000000000000000000000
0000000000022200002200000000000000000000000000000000000000000000002000200000000000000000000000000000
0001000000000000000013333333300333333333333333333333330033000300000000000030330330003000300000003003
0000000000000011300000000000000000000000000000000000000000000000000300000000000000000000000000000000
0002000000000000000022222222200222222222222222222222220022200200000000000020220220002000200000002002
0000000000000000000000000000000000000000000000000000000000000000010000000000000000000000000000000000
0000000000000000000000000000000000000000000000000000000000010000020000000000000000000000000000000000
0000000010000000000000000000000000000000000000000000000010000003300000000000000000000000000000000000
0000000000000000000000000000000000000000000000000000002000000000000000000000000000000000000000000000
0000000000000000000013333333300333333333333333333333330030000300000000000030330330003000300000003003
0000000000000000000000000000000000000000000000000000001000000000000000000000001000000000000000000000
0000000000000000000000133333300333333333333333333333332030000300000000000030332330003000300000003003
0000000000000000000000222222200222222222222222222222222020000200000000000020222220002000200000002002
0000000000000000000000000000000000000000000000000000000000100000000000000000000000000000000000000000
0000000000000000000000000000000000000000000000000000000000210000000000000000000000000000000000000000
0000000000000000000000000000000000000000000000000000000000100000000000000000000000000000000000000000
0000000000000000000000000000000000000000000000000000000000210000000000000000000000000000000000000000
0000000000000000000000000000000000000000000000000000000000100000000000000000000000000000000000000000
0000000000000010000000000000013000000000000000000000000000000000000300000000000000000000000000000000
0000000000000000000000000000000000000000000000000000000000000000010000000000000000000000000000000000
0000000000000000000000000000000000000000000000000000000000010000020000000000000000000000000000000000
0000000000000000000000000000000000000000000000000000000000100000000000000000000000000000000000000000
0000000000000000000013333333300333333333333333333333330030000300000000000030330330003000300000003003
0000000000000000000013333333300333333333333333333333330030000300000000000030330330003000300000003003
0000000000000000000000000000000000000000000000000000000000100000000000000000000000000000000000000000
0000000000000000000013333333300333333333333333333333330030000300000000000030330330003000300000003003
0000000000000000000000000000000000000000000000000000000000000000000000000000000010000000000000000000
0000000000000000000000222222200222222222222222222222222020000200000000000020222220002000200000002002
0000000000000000000000000000000000000000000000000000000000100000000000001100000000000000000000000000
0000000000000000000000000000000000000000000000000000000000200000000000002200000001000000000000000000
0000000000000000000000000000000000000000000000000000000000200000000000002200000002000010000000000000
0000000000000000000000000000000000000000000000000000000000200000000000002200000002000020000000000000
0000000000000000000000000000000000000000000000000000000000200000000000002200000002000021000000000000
0000000000000000000000000000000000000000000000000000000000200000000000002200000002000022000000000000
0000000000000000000000000000000000000000000000000000000000200000000000002200000002000022000000000000
0000000000000000000000000000000000000000000000000000000000200000000000002200000002000022000000000000
0000000000000000000000000000000000000000000000000000000000200000000000002200000002000022000000000000
0000000000000000000000000000000000000000000000000000000000200000000000002200000002000022011111100000
0000000000000000000000000000000000000000000000000000000000200000000000002200000002000022022222211000
0000000000000000000000000000000000000000000000000000000000200000000000002200000002000022022222222000
0000000000000000000000000000000000000000000000000000000000200000000000002200000002000022022222222110
0000000000000000000000000000000000000000000000000000000000200000000000002200000002000022022222222220
0000000000000000000000000000000000000000000000000000000000200000000000002200000002000022022222222220
0000000000000000000000000000000000000000000000000000000000220000000000002200000002000022022222222220
0000000002222200002222222222200222222222222222222222222020200200002000200020220220002000200000002002
0000000000000000000000000000000000000000000000000000000010000000000000000000000000000000000000000000
0022000000000022200000000000022000000000000000000000000002221100020200012200000002000122022222222220
0000133330000000000000000000000000000000000000000000000000000003300000000000000000000000000000000000
0000002220000000000000222222200222222222222222222222222020000202200000000020222220002000200000002002
0000000000000000010000000000000000000000000000000000000010000000000033000000000000000000000000000000
0000000000000000000000000000000000000000000000000000010000000300000000000000000000000000000000000003
0000000000000000000000000000000000000000000000000000000000220010020000002200000002000022022222222220
0000000000000000000000000000000000000000000000000000000000000100000000000000000000000000000000000000
0000000000000000000000000000000000000000000000000000000020000000000000000000000000000000000000000000
0000000000000000000000000000000000000000000000000000000020000000000000000000000000000000000000000000
0002000000000000000022222222200222222222222222222222220022200200000000000020220220002000200000002002
0000000000000000000000000000000000000000000000000000000010000000000000000000000000000000000000000000
0000000000000000010000000000000000000000000000000000000000000000010033000000000000000000000000000000
0000000020000000000000000000000000000000000000000000000020000002200000000000000000000000000000000000
0000000020000000000000000000000000000000000000000000000020000002200000000000000000000000000000000000
0000000000000000000022222222200222222222222222222222220020000200000000000020220220002000200000002002
0000000000000000000000000000000000000013333333333333330030000300000000000000000030000000300000003003
0000000000000000000000000000000000000000000000000000000000220000020000002200000002000122022222222220
0000000000000000000000000000000000000013333333333333330030000300000000000000000030000000300000003003
0000000000000000000000000000000000000000000000000000000000000000000000000001000000000000000000000000
0000000000000000000000000000000000000000000000000000000000010000000000000000000000000000000000000000
0000000000000000000000000000000000000000000000000000000000000000000000000001000000000000000000000000
0000000000000000000000000000000000000000000000000000000010000000000000000000000000000000000000000000
0000000000000000000022222222200222222222222222222222220020000200000000000020220220002000200000002002
0000000000000000000000000000000000000000000000000000000000000000000000000000000010000000000000000000
0000000000000000000000000000000000000001333333333333330030000300000000000000000030000000300000003003
0000000000000000000000000000000000000000000000000000000000200000000000002200000002110022022222222220
0000000000000000000022222222200222222222222222222222220020000200000000000020220220002000200000002002
0000000000000000000022222222200222222222222222222222220020000200000000000020220220002000200000002002
0000000000000000000000000000000000000000000000000000000000000000000000000000000020000000000000000000
0000000000000000000000000000000000000000000000013333330030000300000000000000000030000000000000003003
0000000000000000000000000000000000000000013333333333330030000300000000000000000030000000300000003003
0000000000000000000000000000000000000000000133333333330030000300000000000000000030000000300000003003
0000000000000000000000000000000000000000000001333333330030000300000000000000000030000000000000003003
0000000000000000000000000000000000000000000000013333330030000300000000000000000030000000000000003003
0000000000000000000000000000000000000000000000013333330030000300000000000000000030000000000000003003
0000000000000000000000000000000000000000000000013333330030000300000000000000000030000000000000003003
0000000000000000000000000000000000000000000000013333330030000300000000000000000030000000000000003003
0000000000000000000000000000000000000000000000013333330030000300000000000000000030000000000000003003
0000000000000000000000000000000000000000000000013333330030000300000000000000000030000000000000003003
0000000000000000000000000000000000000000000000000133330030000300000000000000000030000000000000000003
0000000000000000000000000000000000000000000000000133330030000300000000000000000030000000000000000003
0000000000000000000000000000000000000000000000000001330030000300000000000000000030000000000000000003
0000000000000000000000000000000000000000000000000001330030000300000000000000000030000000000000000003
0000000000000000000000000000000000000000000000000000000000220000000000002200000002000022022222222220
